Error at _cmdno 6 executing "solve" command
(file amplin, line 1926, offset 36152):
error processing param distances:
	2400 invalid subscripts discarded:
	distances[151,1,1]
	distances[151,1,2]
	distances[151,1,3]
	and 2397 more.
--- Solution header data ----------------------------

Presolve eliminates 150 constraints and 56775 variables.
Adjusted problem:
57676 variables:
	35326 nonlinear variables
	22350 linear variables
114300 constraints; 696675 nonzeros
	103125 nonlinear constraints
	11175 linear constraints
	11325 equality constraints
	102975 inequality constraints
1 linear objective; 1 nonzero.

BARON 24.5.8 (2024.05.08): epsa = 0.5
epsr = 0.8
prfreq = 50
filter 
maxtime = 120
maxiter = -1
Barstats 
keepsol 
wantsol= 4
threads= 4
nlpsol= 1
 Not enough memory to allocate problem data structures
BARON 24.5.8 (2024.05.08): too little memory
Retaining scratch directory "/tmp/baron_tmp3450196".
Objective lower bound = -1e+51, upper bound = 1e+51
barstatus = 7, modelstatus = 5
max nodes in memory = 0
optimum found at node -3
Baron run time (excluding setup) = 241.45 seconds
---------------------------- Container and geometric considerations  ----------------------------
Container type: sphere
Structural conservation type: volume
---------------------------- Solution execution data ----------------------------
solve_result_num = 503
solve_result = failure

---------------------------- Solution data ----------------------------
card(figures) = 150

coords [*,*,1]
:     1   2   3   4    :=
1     0   0   0   0
2     0   0   0   0
3     0   0   0   0
4     0   0   0   0
5     0   0   0   0
6     0   0   0   0
7     0   0   0   0
8     0   0   0   0
9     0   0   0   0
10    0   0   0   0
11    0   0   0   0
12    0   0   0   0
13    0   0   0   0
14    0   0   0   0
15    0   0   0   0
16    0   0   0   0
17    0   0   0   0
18    0   0   0   0
19    0   0   0   0
20    0   0   0   0
21    0   0   0   0
22    0   0   0   0
23    0   0   0   0
24    0   0   0   0
25    0   0   0   0
26    0   0   0   0
27    0   0   0   0
28    0   0   0   0
29    0   0   0   0
30    0   0   0   0
31    0   0   0   0
32    0   0   0   0
33    0   0   0   0
34    0   0   0   0
35    0   0   0   0
36    0   0   0   0
37    0   0   0   0
38    0   0   0   0
39    0   0   0   0
40    0   0   0   0
41    0   0   0   0
42    0   0   0   0
43    0   0   0   0
44    0   0   0   0
45    0   0   0   0
46    0   0   0   0
47    0   0   0   0
48    0   0   0   0
49    0   0   0   0
50    0   0   0   0
51    0   0   0   0
52    0   0   0   0
53    0   0   0   0
54    0   0   0   0
55    0   0   0   0
56    0   0   0   0
57    0   0   0   0
58    0   0   0   0
59    0   0   0   0
60    0   0   0   0
61    0   0   0   0
62    0   0   0   0
63    0   0   0   0
64    0   0   0   0
65    0   0   0   0
66    0   0   0   0
67    0   0   0   0
68    0   0   0   0
69    0   0   0   0
70    0   0   0   0
71    0   0   0   0
72    0   0   0   0
73    0   0   0   0
74    0   0   0   0
75    0   0   0   0
76    0   0   0   0
77    0   0   0   0
78    0   0   0   0
79    0   0   0   0
80    0   0   0   0
81    0   0   0   0
82    0   0   0   0
83    0   0   0   0
84    0   0   0   0
85    0   0   0   0
86    0   0   0   0
87    0   0   0   0
88    0   0   0   0
89    0   0   0   0
90    0   0   0   0
91    0   0   0   0
92    0   0   0   0
93    0   0   0   0
94    0   0   0   0
95    0   0   0   0
96    0   0   0   0
97    0   0   0   0
98    0   0   0   0
99    0   0   0   0
100   0   0   0   0
101   0   0   0   0
102   0   0   0   0
103   0   0   0   0
104   0   0   0   0
105   0   0   0   0
106   0   0   0   0
107   0   0   0   0
108   0   0   0   0
109   0   0   0   0
110   0   0   0   0
111   0   0   0   0
112   0   0   0   0
113   0   0   0   0
114   0   0   0   0
115   0   0   0   0
116   0   0   0   0
117   0   0   0   0
118   0   0   0   0
119   0   0   0   0
120   0   0   0   0
121   0   0   0   0
122   0   0   0   0
123   0   0   0   0
124   0   0   0   0
125   0   0   0   0
126   0   0   0   0
127   0   0   0   0
128   0   0   0   0
129   0   0   0   0
130   0   0   0   0
131   0   0   0   0
132   0   0   0   0
133   0   0   0   0
134   0   0   0   0
135   0   0   0   0
136   0   0   0   0
137   0   0   0   0
138   0   0   0   0
139   0   0   0   0
140   0   0   0   0
141   0   0   0   0
142   0   0   0   0
143   0   0   0   0
144   0   0   0   0
145   0   0   0   0
146   0   0   0   0
147   0   0   0   0
148   0   0   0   0
149   0   0   0   0
150   0   0   0   0

 [*,*,2]
:     1   2   3   4    :=
1     0   0   0   0
2     0   0   0   0
3     0   0   0   0
4     0   0   0   0
5     0   0   0   0
6     0   0   0   0
7     0   0   0   0
8     0   0   0   0
9     0   0   0   0
10    0   0   0   0
11    0   0   0   0
12    0   0   0   0
13    0   0   0   0
14    0   0   0   0
15    0   0   0   0
16    0   0   0   0
17    0   0   0   0
18    0   0   0   0
19    0   0   0   0
20    0   0   0   0
21    0   0   0   0
22    0   0   0   0
23    0   0   0   0
24    0   0   0   0
25    0   0   0   0
26    0   0   0   0
27    0   0   0   0
28    0   0   0   0
29    0   0   0   0
30    0   0   0   0
31    0   0   0   0
32    0   0   0   0
33    0   0   0   0
34    0   0   0   0
35    0   0   0   0
36    0   0   0   0
37    0   0   0   0
38    0   0   0   0
39    0   0   0   0
40    0   0   0   0
41    0   0   0   0
42    0   0   0   0
43    0   0   0   0
44    0   0   0   0
45    0   0   0   0
46    0   0   0   0
47    0   0   0   0
48    0   0   0   0
49    0   0   0   0
50    0   0   0   0
51    0   0   0   0
52    0   0   0   0
53    0   0   0   0
54    0   0   0   0
55    0   0   0   0
56    0   0   0   0
57    0   0   0   0
58    0   0   0   0
59    0   0   0   0
60    0   0   0   0
61    0   0   0   0
62    0   0   0   0
63    0   0   0   0
64    0   0   0   0
65    0   0   0   0
66    0   0   0   0
67    0   0   0   0
68    0   0   0   0
69    0   0   0   0
70    0   0   0   0
71    0   0   0   0
72    0   0   0   0
73    0   0   0   0
74    0   0   0   0
75    0   0   0   0
76    0   0   0   0
77    0   0   0   0
78    0   0   0   0
79    0   0   0   0
80    0   0   0   0
81    0   0   0   0
82    0   0   0   0
83    0   0   0   0
84    0   0   0   0
85    0   0   0   0
86    0   0   0   0
87    0   0   0   0
88    0   0   0   0
89    0   0   0   0
90    0   0   0   0
91    0   0   0   0
92    0   0   0   0
93    0   0   0   0
94    0   0   0   0
95    0   0   0   0
96    0   0   0   0
97    0   0   0   0
98    0   0   0   0
99    0   0   0   0
100   0   0   0   0
101   0   0   0   0
102   0   0   0   0
103   0   0   0   0
104   0   0   0   0
105   0   0   0   0
106   0   0   0   0
107   0   0   0   0
108   0   0   0   0
109   0   0   0   0
110   0   0   0   0
111   0   0   0   0
112   0   0   0   0
113   0   0   0   0
114   0   0   0   0
115   0   0   0   0
116   0   0   0   0
117   0   0   0   0
118   0   0   0   0
119   0   0   0   0
120   0   0   0   0
121   0   0   0   0
122   0   0   0   0
123   0   0   0   0
124   0   0   0   0
125   0   0   0   0
126   0   0   0   0
127   0   0   0   0
128   0   0   0   0
129   0   0   0   0
130   0   0   0   0
131   0   0   0   0
132   0   0   0   0
133   0   0   0   0
134   0   0   0   0
135   0   0   0   0
136   0   0   0   0
137   0   0   0   0
138   0   0   0   0
139   0   0   0   0
140   0   0   0   0
141   0   0   0   0
142   0   0   0   0
143   0   0   0   0
144   0   0   0   0
145   0   0   0   0
146   0   0   0   0
147   0   0   0   0
148   0   0   0   0
149   0   0   0   0
150   0   0   0   0

 [*,*,3]
:     1   2   3   4    :=
1     0   0   0   0
2     0   0   0   0
3     0   0   0   0
4     0   0   0   0
5     0   0   0   0
6     0   0   0   0
7     0   0   0   0
8     0   0   0   0
9     0   0   0   0
10    0   0   0   0
11    0   0   0   0
12    0   0   0   0
13    0   0   0   0
14    0   0   0   0
15    0   0   0   0
16    0   0   0   0
17    0   0   0   0
18    0   0   0   0
19    0   0   0   0
20    0   0   0   0
21    0   0   0   0
22    0   0   0   0
23    0   0   0   0
24    0   0   0   0
25    0   0   0   0
26    0   0   0   0
27    0   0   0   0
28    0   0   0   0
29    0   0   0   0
30    0   0   0   0
31    0   0   0   0
32    0   0   0   0
33    0   0   0   0
34    0   0   0   0
35    0   0   0   0
36    0   0   0   0
37    0   0   0   0
38    0   0   0   0
39    0   0   0   0
40    0   0   0   0
41    0   0   0   0
42    0   0   0   0
43    0   0   0   0
44    0   0   0   0
45    0   0   0   0
46    0   0   0   0
47    0   0   0   0
48    0   0   0   0
49    0   0   0   0
50    0   0   0   0
51    0   0   0   0
52    0   0   0   0
53    0   0   0   0
54    0   0   0   0
55    0   0   0   0
56    0   0   0   0
57    0   0   0   0
58    0   0   0   0
59    0   0   0   0
60    0   0   0   0
61    0   0   0   0
62    0   0   0   0
63    0   0   0   0
64    0   0   0   0
65    0   0   0   0
66    0   0   0   0
67    0   0   0   0
68    0   0   0   0
69    0   0   0   0
70    0   0   0   0
71    0   0   0   0
72    0   0   0   0
73    0   0   0   0
74    0   0   0   0
75    0   0   0   0
76    0   0   0   0
77    0   0   0   0
78    0   0   0   0
79    0   0   0   0
80    0   0   0   0
81    0   0   0   0
82    0   0   0   0
83    0   0   0   0
84    0   0   0   0
85    0   0   0   0
86    0   0   0   0
87    0   0   0   0
88    0   0   0   0
89    0   0   0   0
90    0   0   0   0
91    0   0   0   0
92    0   0   0   0
93    0   0   0   0
94    0   0   0   0
95    0   0   0   0
96    0   0   0   0
97    0   0   0   0
98    0   0   0   0
99    0   0   0   0
100   0   0   0   0
101   0   0   0   0
102   0   0   0   0
103   0   0   0   0
104   0   0   0   0
105   0   0   0   0
106   0   0   0   0
107   0   0   0   0
108   0   0   0   0
109   0   0   0   0
110   0   0   0   0
111   0   0   0   0
112   0   0   0   0
113   0   0   0   0
114   0   0   0   0
115   0   0   0   0
116   0   0   0   0
117   0   0   0   0
118   0   0   0   0
119   0   0   0   0
120   0   0   0   0
121   0   0   0   0
122   0   0   0   0
123   0   0   0   0
124   0   0   0   0
125   0   0   0   0
126   0   0   0   0
127   0   0   0   0
128   0   0   0   0
129   0   0   0   0
130   0   0   0   0
131   0   0   0   0
132   0   0   0   0
133   0   0   0   0
134   0   0   0   0
135   0   0   0   0
136   0   0   0   0
137   0   0   0   0
138   0   0   0   0
139   0   0   0   0
140   0   0   0   0
141   0   0   0   0
142   0   0   0   0
143   0   0   0   0
144   0   0   0   0
145   0   0   0   0
146   0   0   0   0
147   0   0   0   0
148   0   0   0   0
149   0   0   0   0
150   0   0   0   0
;

radius = 0
softness = 0.99

---------------------------- Solution coords data ----------------------------
distances [*,1,*]
:     1   2   3   4    :=
1     0   1   0   1
2     0   1   0   1
3     0   1   0   1
4     0   1   0   1
5     0   1   0   1
6     0   1   0   1
7     0   1   0   1
8     0   1   0   1
9     0   1   0   1
10    0   1   0   1
11    0   1   0   1
12    0   1   0   1
13    0   1   0   1
14    0   1   0   1
15    0   1   0   1
16    0   1   0   1
17    0   1   0   1
18    0   1   0   1
19    0   1   0   1
20    0   1   0   1
21    0   1   0   1
22    0   1   0   1
23    0   1   0   1
24    0   1   0   1
25    0   1   0   1
26    0   1   0   1
27    0   1   0   1
28    0   1   0   1
29    0   1   0   1
30    0   1   0   1
31    0   1   0   1
32    0   1   0   1
33    0   1   0   1
34    0   1   0   1
35    0   1   0   1
36    0   1   0   1
37    0   1   0   1
38    0   1   0   1
39    0   1   0   1
40    0   1   0   1
41    0   1   0   1
42    0   1   0   1
43    0   1   0   1
44    0   1   0   1
45    0   1   0   1
46    0   1   0   1
47    0   1   0   1
48    0   1   0   1
49    0   1   0   1
50    0   1   0   1
51    0   1   0   1
52    0   1   0   1
53    0   1   0   1
54    0   1   0   1
55    0   1   0   1
56    0   1   0   1
57    0   1   0   1
58    0   1   0   1
59    0   1   0   1
60    0   1   0   1
61    0   1   0   1
62    0   1   0   1
63    0   1   0   1
64    0   1   0   1
65    0   1   0   1
66    0   1   0   1
67    0   1   0   1
68    0   1   0   1
69    0   1   0   1
70    0   1   0   1
71    0   1   0   1
72    0   1   0   1
73    0   1   0   1
74    0   1   0   1
75    0   1   0   1
76    0   1   0   1
77    0   1   0   1
78    0   1   0   1
79    0   1   0   1
80    0   1   0   1
81    0   1   0   1
82    0   1   0   1
83    0   1   0   1
84    0   1   0   1
85    0   1   0   1
86    0   1   0   1
87    0   1   0   1
88    0   1   0   1
89    0   1   0   1
90    0   1   0   1
91    0   1   0   1
92    0   1   0   1
93    0   1   0   1
94    0   1   0   1
95    0   1   0   1
96    0   1   0   1
97    0   1   0   1
98    0   1   0   1
99    0   1   0   1
100   0   1   0   1
101   0   1   0   1
102   0   1   0   1
103   0   1   0   1
104   0   1   0   1
105   0   1   0   1
106   0   1   0   1
107   0   1   0   1
108   0   1   0   1
109   0   1   0   1
110   0   1   0   1
111   0   1   0   1
112   0   1   0   1
113   0   1   0   1
114   0   1   0   1
115   0   1   0   1
116   0   1   0   1
117   0   1   0   1
118   0   1   0   1
119   0   1   0   1
120   0   1   0   1
121   0   1   0   1
122   0   1   0   1
123   0   1   0   1
124   0   1   0   1
125   0   1   0   1
126   0   1   0   1
127   0   1   0   1
128   0   1   0   1
129   0   1   0   1
130   0   1   0   1
131   0   1   0   1
132   0   1   0   1
133   0   1   0   1
134   0   1   0   1
135   0   1   0   1
136   0   1   0   1
137   0   1   0   1
138   0   1   0   1
139   0   1   0   1
140   0   1   0   1
141   0   1   0   1
142   0   1   0   1
143   0   1   0   1
144   0   1   0   1
145   0   1   0   1
146   0   1   0   1
147   0   1   0   1
148   0   1   0   1
149   0   1   0   1
150   0   1   0   1

 [*,2,*]
:     1   2   3   4    :=
1     0   0   1   1
2     0   0   1   1
3     0   0   1   1
4     0   0   1   1
5     0   0   1   1
6     0   0   1   1
7     0   0   1   1
8     0   0   1   1
9     0   0   1   1
10    0   0   1   1
11    0   0   1   1
12    0   0   1   1
13    0   0   1   1
14    0   0   1   1
15    0   0   1   1
16    0   0   1   1
17    0   0   1   1
18    0   0   1   1
19    0   0   1   1
20    0   0   1   1
21    0   0   1   1
22    0   0   1   1
23    0   0   1   1
24    0   0   1   1
25    0   0   1   1
26    0   0   1   1
27    0   0   1   1
28    0   0   1   1
29    0   0   1   1
30    0   0   1   1
31    0   0   1   1
32    0   0   1   1
33    0   0   1   1
34    0   0   1   1
35    0   0   1   1
36    0   0   1   1
37    0   0   1   1
38    0   0   1   1
39    0   0   1   1
40    0   0   1   1
41    0   0   1   1
42    0   0   1   1
43    0   0   1   1
44    0   0   1   1
45    0   0   1   1
46    0   0   1   1
47    0   0   1   1
48    0   0   1   1
49    0   0   1   1
50    0   0   1   1
51    0   0   1   1
52    0   0   1   1
53    0   0   1   1
54    0   0   1   1
55    0   0   1   1
56    0   0   1   1
57    0   0   1   1
58    0   0   1   1
59    0   0   1   1
60    0   0   1   1
61    0   0   1   1
62    0   0   1   1
63    0   0   1   1
64    0   0   1   1
65    0   0   1   1
66    0   0   1   1
67    0   0   1   1
68    0   0   1   1
69    0   0   1   1
70    0   0   1   1
71    0   0   1   1
72    0   0   1   1
73    0   0   1   1
74    0   0   1   1
75    0   0   1   1
76    0   0   1   1
77    0   0   1   1
78    0   0   1   1
79    0   0   1   1
80    0   0   1   1
81    0   0   1   1
82    0   0   1   1
83    0   0   1   1
84    0   0   1   1
85    0   0   1   1
86    0   0   1   1
87    0   0   1   1
88    0   0   1   1
89    0   0   1   1
90    0   0   1   1
91    0   0   1   1
92    0   0   1   1
93    0   0   1   1
94    0   0   1   1
95    0   0   1   1
96    0   0   1   1
97    0   0   1   1
98    0   0   1   1
99    0   0   1   1
100   0   0   1   1
101   0   0   1   1
102   0   0   1   1
103   0   0   1   1
104   0   0   1   1
105   0   0   1   1
106   0   0   1   1
107   0   0   1   1
108   0   0   1   1
109   0   0   1   1
110   0   0   1   1
111   0   0   1   1
112   0   0   1   1
113   0   0   1   1
114   0   0   1   1
115   0   0   1   1
116   0   0   1   1
117   0   0   1   1
118   0   0   1   1
119   0   0   1   1
120   0   0   1   1
121   0   0   1   1
122   0   0   1   1
123   0   0   1   1
124   0   0   1   1
125   0   0   1   1
126   0   0   1   1
127   0   0   1   1
128   0   0   1   1
129   0   0   1   1
130   0   0   1   1
131   0   0   1   1
132   0   0   1   1
133   0   0   1   1
134   0   0   1   1
135   0   0   1   1
136   0   0   1   1
137   0   0   1   1
138   0   0   1   1
139   0   0   1   1
140   0   0   1   1
141   0   0   1   1
142   0   0   1   1
143   0   0   1   1
144   0   0   1   1
145   0   0   1   1
146   0   0   1   1
147   0   0   1   1
148   0   0   1   1
149   0   0   1   1
150   0   0   1   1

 [*,3,*]
:     1   2   3   4    :=
1     1   0   0   1
2     1   0   0   1
3     1   0   0   1
4     1   0   0   1
5     1   0   0   1
6     1   0   0   1
7     1   0   0   1
8     1   0   0   1
9     1   0   0   1
10    1   0   0   1
11    1   0   0   1
12    1   0   0   1
13    1   0   0   1
14    1   0   0   1
15    1   0   0   1
16    1   0   0   1
17    1   0   0   1
18    1   0   0   1
19    1   0   0   1
20    1   0   0   1
21    1   0   0   1
22    1   0   0   1
23    1   0   0   1
24    1   0   0   1
25    1   0   0   1
26    1   0   0   1
27    1   0   0   1
28    1   0   0   1
29    1   0   0   1
30    1   0   0   1
31    1   0   0   1
32    1   0   0   1
33    1   0   0   1
34    1   0   0   1
35    1   0   0   1
36    1   0   0   1
37    1   0   0   1
38    1   0   0   1
39    1   0   0   1
40    1   0   0   1
41    1   0   0   1
42    1   0   0   1
43    1   0   0   1
44    1   0   0   1
45    1   0   0   1
46    1   0   0   1
47    1   0   0   1
48    1   0   0   1
49    1   0   0   1
50    1   0   0   1
51    1   0   0   1
52    1   0   0   1
53    1   0   0   1
54    1   0   0   1
55    1   0   0   1
56    1   0   0   1
57    1   0   0   1
58    1   0   0   1
59    1   0   0   1
60    1   0   0   1
61    1   0   0   1
62    1   0   0   1
63    1   0   0   1
64    1   0   0   1
65    1   0   0   1
66    1   0   0   1
67    1   0   0   1
68    1   0   0   1
69    1   0   0   1
70    1   0   0   1
71    1   0   0   1
72    1   0   0   1
73    1   0   0   1
74    1   0   0   1
75    1   0   0   1
76    1   0   0   1
77    1   0   0   1
78    1   0   0   1
79    1   0   0   1
80    1   0   0   1
81    1   0   0   1
82    1   0   0   1
83    1   0   0   1
84    1   0   0   1
85    1   0   0   1
86    1   0   0   1
87    1   0   0   1
88    1   0   0   1
89    1   0   0   1
90    1   0   0   1
91    1   0   0   1
92    1   0   0   1
93    1   0   0   1
94    1   0   0   1
95    1   0   0   1
96    1   0   0   1
97    1   0   0   1
98    1   0   0   1
99    1   0   0   1
100   1   0   0   1
101   1   0   0   1
102   1   0   0   1
103   1   0   0   1
104   1   0   0   1
105   1   0   0   1
106   1   0   0   1
107   1   0   0   1
108   1   0   0   1
109   1   0   0   1
110   1   0   0   1
111   1   0   0   1
112   1   0   0   1
113   1   0   0   1
114   1   0   0   1
115   1   0   0   1
116   1   0   0   1
117   1   0   0   1
118   1   0   0   1
119   1   0   0   1
120   1   0   0   1
121   1   0   0   1
122   1   0   0   1
123   1   0   0   1
124   1   0   0   1
125   1   0   0   1
126   1   0   0   1
127   1   0   0   1
128   1   0   0   1
129   1   0   0   1
130   1   0   0   1
131   1   0   0   1
132   1   0   0   1
133   1   0   0   1
134   1   0   0   1
135   1   0   0   1
136   1   0   0   1
137   1   0   0   1
138   1   0   0   1
139   1   0   0   1
140   1   0   0   1
141   1   0   0   1
142   1   0   0   1
143   1   0   0   1
144   1   0   0   1
145   1   0   0   1
146   1   0   0   1
147   1   0   0   1
148   1   0   0   1
149   1   0   0   1
150   1   0   0   1

 [*,4,*]
:     1   2   3   4    :=
1     1   1   1   0
2     1   1   1   0
3     1   1   1   0
4     1   1   1   0
5     1   1   1   0
6     1   1   1   0
7     1   1   1   0
8     1   1   1   0
9     1   1   1   0
10    1   1   1   0
11    1   1   1   0
12    1   1   1   0
13    1   1   1   0
14    1   1   1   0
15    1   1   1   0
16    1   1   1   0
17    1   1   1   0
18    1   1   1   0
19    1   1   1   0
20    1   1   1   0
21    1   1   1   0
22    1   1   1   0
23    1   1   1   0
24    1   1   1   0
25    1   1   1   0
26    1   1   1   0
27    1   1   1   0
28    1   1   1   0
29    1   1   1   0
30    1   1   1   0
31    1   1   1   0
32    1   1   1   0
33    1   1   1   0
34    1   1   1   0
35    1   1   1   0
36    1   1   1   0
37    1   1   1   0
38    1   1   1   0
39    1   1   1   0
40    1   1   1   0
41    1   1   1   0
42    1   1   1   0
43    1   1   1   0
44    1   1   1   0
45    1   1   1   0
46    1   1   1   0
47    1   1   1   0
48    1   1   1   0
49    1   1   1   0
50    1   1   1   0
51    1   1   1   0
52    1   1   1   0
53    1   1   1   0
54    1   1   1   0
55    1   1   1   0
56    1   1   1   0
57    1   1   1   0
58    1   1   1   0
59    1   1   1   0
60    1   1   1   0
61    1   1   1   0
62    1   1   1   0
63    1   1   1   0
64    1   1   1   0
65    1   1   1   0
66    1   1   1   0
67    1   1   1   0
68    1   1   1   0
69    1   1   1   0
70    1   1   1   0
71    1   1   1   0
72    1   1   1   0
73    1   1   1   0
74    1   1   1   0
75    1   1   1   0
76    1   1   1   0
77    1   1   1   0
78    1   1   1   0
79    1   1   1   0
80    1   1   1   0
81    1   1   1   0
82    1   1   1   0
83    1   1   1   0
84    1   1   1   0
85    1   1   1   0
86    1   1   1   0
87    1   1   1   0
88    1   1   1   0
89    1   1   1   0
90    1   1   1   0
91    1   1   1   0
92    1   1   1   0
93    1   1   1   0
94    1   1   1   0
95    1   1   1   0
96    1   1   1   0
97    1   1   1   0
98    1   1   1   0
99    1   1   1   0
100   1   1   1   0
101   1   1   1   0
102   1   1   1   0
103   1   1   1   0
104   1   1   1   0
105   1   1   1   0
106   1   1   1   0
107   1   1   1   0
108   1   1   1   0
109   1   1   1   0
110   1   1   1   0
111   1   1   1   0
112   1   1   1   0
113   1   1   1   0
114   1   1   1   0
115   1   1   1   0
116   1   1   1   0
117   1   1   1   0
118   1   1   1   0
119   1   1   1   0
120   1   1   1   0
121   1   1   1   0
122   1   1   1   0
123   1   1   1   0
124   1   1   1   0
125   1   1   1   0
126   1   1   1   0
127   1   1   1   0
128   1   1   1   0
129   1   1   1   0
130   1   1   1   0
131   1   1   1   0
132   1   1   1   0
133   1   1   1   0
134   1   1   1   0
135   1   1   1   0
136   1   1   1   0
137   1   1   1   0
138   1   1   1   0
139   1   1   1   0
140   1   1   1   0
141   1   1   1   0
142   1   1   1   0
143   1   1   1   0
144   1   1   1   0
145   1   1   1   0
146   1   1   1   0
147   1   1   1   0
148   1   1   1   0
149   1   1   1   0
150   1   1   1   0
;

---------------------------- Solution stats data ----------------------------
_ampl_time = 1.07233
_total_solve_time = 242.564
_ampl_elapsed_time = 1.11188
_ampl_user_time = 0.914561

Total time elapsed: $242.56.
_total_solve_time = 242.564

---------------------------- Solution miscs data ----------------------------
tetrahedron_volume [*] :=
  1 0.117851    31 0.117851    61 0.117851    91 0.117851   121 0.117851
  2 0.117851    32 0.117851    62 0.117851    92 0.117851   122 0.117851
  3 0.117851    33 0.117851    63 0.117851    93 0.117851   123 0.117851
  4 0.117851    34 0.117851    64 0.117851    94 0.117851   124 0.117851
  5 0.117851    35 0.117851    65 0.117851    95 0.117851   125 0.117851
  6 0.117851    36 0.117851    66 0.117851    96 0.117851   126 0.117851
  7 0.117851    37 0.117851    67 0.117851    97 0.117851   127 0.117851
  8 0.117851    38 0.117851    68 0.117851    98 0.117851   128 0.117851
  9 0.117851    39 0.117851    69 0.117851    99 0.117851   129 0.117851
 10 0.117851    40 0.117851    70 0.117851   100 0.117851   130 0.117851
 11 0.117851    41 0.117851    71 0.117851   101 0.117851   131 0.117851
 12 0.117851    42 0.117851    72 0.117851   102 0.117851   132 0.117851
 13 0.117851    43 0.117851    73 0.117851   103 0.117851   133 0.117851
 14 0.117851    44 0.117851    74 0.117851   104 0.117851   134 0.117851
 15 0.117851    45 0.117851    75 0.117851   105 0.117851   135 0.117851
 16 0.117851    46 0.117851    76 0.117851   106 0.117851   136 0.117851
 17 0.117851    47 0.117851    77 0.117851   107 0.117851   137 0.117851
 18 0.117851    48 0.117851    78 0.117851   108 0.117851   138 0.117851
 19 0.117851    49 0.117851    79 0.117851   109 0.117851   139 0.117851
 20 0.117851    50 0.117851    80 0.117851   110 0.117851   140 0.117851
 21 0.117851    51 0.117851    81 0.117851   111 0.117851   141 0.117851
 22 0.117851    52 0.117851    82 0.117851   112 0.117851   142 0.117851
 23 0.117851    53 0.117851    83 0.117851   113 0.117851   143 0.117851
 24 0.117851    54 0.117851    84 0.117851   114 0.117851   144 0.117851
 25 0.117851    55 0.117851    85 0.117851   115 0.117851   145 0.117851
 26 0.117851    56 0.117851    86 0.117851   116 0.117851   146 0.117851
 27 0.117851    57 0.117851    87 0.117851   117 0.117851   147 0.117851
 28 0.117851    58 0.117851    88 0.117851   118 0.117851   148 0.117851
 29 0.117851    59 0.117851    89 0.117851   119 0.117851   149 0.117851
 30 0.117851    60 0.117851    90 0.117851   120 0.117851   150 0.117851
;

---------------------------- Solution miscs data ----------------------------
tetrahedron_surface_area [*] :=
  1 0    16 0    31 0    46 0    61 0    76 0    91 0   106 0   121 0   136 0
  2 0    17 0    32 0    47 0    62 0    77 0    92 0   107 0   122 0   137 0
  3 0    18 0    33 0    48 0    63 0    78 0    93 0   108 0   123 0   138 0
  4 0    19 0    34 0    49 0    64 0    79 0    94 0   109 0   124 0   139 0
  5 0    20 0    35 0    50 0    65 0    80 0    95 0   110 0   125 0   140 0
  6 0    21 0    36 0    51 0    66 0    81 0    96 0   111 0   126 0   141 0
  7 0    22 0    37 0    52 0    67 0    82 0    97 0   112 0   127 0   142 0
  8 0    23 0    38 0    53 0    68 0    83 0    98 0   113 0   128 0   143 0
  9 0    24 0    39 0    54 0    69 0    84 0    99 0   114 0   129 0   144 0
 10 0    25 0    40 0    55 0    70 0    85 0   100 0   115 0   130 0   145 0
 11 0    26 0    41 0    56 0    71 0    86 0   101 0   116 0   131 0   146 0
 12 0    27 0    42 0    57 0    72 0    87 0   102 0   117 0   132 0   147 0
 13 0    28 0    43 0    58 0    73 0    88 0   103 0   118 0   133 0   148 0
 14 0    29 0    44 0    59 0    74 0    89 0   104 0   119 0   134 0   149 0
 15 0    30 0    45 0    60 0    75 0    90 0   105 0   120 0   135 0   150 0
;

