Error at _cmdno 6 executing "solve" command
(file amplin, line 1926, offset 36151):
error processing param distances:
	3600 invalid subscripts discarded:
	distances[76,1,1]
	distances[76,1,2]
	distances[76,1,3]
	and 3597 more.
------ Solution header data ----------------------------

Presolve eliminates 75 constraints and 14325 variables.
Adjusted problem:
14776 variables:
	9226 nonlinear variables
	5550 linear variables
29025 constraints; 176775 nonzeros
	26250 nonlinear constraints
	2775 linear constraints
	2850 equality constraints
	26175 inequality constraints
1 linear objective; 1 nonzero.

BARON 24.5.8 (2024.05.08): epsa = 0.5
epsr = 0.8
prfreq = 50
filter 
maxtime = 120
maxiter = -1
Barstats 
keepsol 
wantsol= 4
threads= 4
nlpsol= 1
BARON 24.5.8 (2024.05.08): 0 iterations, CPU time limit reached.
Objective 1e+51
Retaining scratch directory "/tmp/baron_tmp498717".
Objective lower bound = -1e+51, upper bound = 1e+51
barstatus = 4, modelstatus = 5
max nodes in memory = 0
optimum found at node -3
Baron run time (excluding setup) = 119.02 seconds
---------------------------- Container and geometric considerations  ----------------------------
Container type: sphere
Structural conservation type: volume
---------------------------- Solution execution data ----------------------------
solve_result_num = 402
solve_result = limit

---------------------------- Solution data ----------------------------
card(figures) = 75

coords [*,*,1]
:    1   2   3   4    :=
1    0   0   0   0
2    0   0   0   0
3    0   0   0   0
4    0   0   0   0
5    0   0   0   0
6    0   0   0   0
7    0   0   0   0
8    0   0   0   0
9    0   0   0   0
10   0   0   0   0
11   0   0   0   0
12   0   0   0   0
13   0   0   0   0
14   0   0   0   0
15   0   0   0   0
16   0   0   0   0
17   0   0   0   0
18   0   0   0   0
19   0   0   0   0
20   0   0   0   0
21   0   0   0   0
22   0   0   0   0
23   0   0   0   0
24   0   0   0   0
25   0   0   0   0
26   0   0   0   0
27   0   0   0   0
28   0   0   0   0
29   0   0   0   0
30   0   0   0   0
31   0   0   0   0
32   0   0   0   0
33   0   0   0   0
34   0   0   0   0
35   0   0   0   0
36   0   0   0   0
37   0   0   0   0
38   0   0   0   0
39   0   0   0   0
40   0   0   0   0
41   0   0   0   0
42   0   0   0   0
43   0   0   0   0
44   0   0   0   0
45   0   0   0   0
46   0   0   0   0
47   0   0   0   0
48   0   0   0   0
49   0   0   0   0
50   0   0   0   0
51   0   0   0   0
52   0   0   0   0
53   0   0   0   0
54   0   0   0   0
55   0   0   0   0
56   0   0   0   0
57   0   0   0   0
58   0   0   0   0
59   0   0   0   0
60   0   0   0   0
61   0   0   0   0
62   0   0   0   0
63   0   0   0   0
64   0   0   0   0
65   0   0   0   0
66   0   0   0   0
67   0   0   0   0
68   0   0   0   0
69   0   0   0   0
70   0   0   0   0
71   0   0   0   0
72   0   0   0   0
73   0   0   0   0
74   0   0   0   0
75   0   0   0   0

 [*,*,2]
:    1   2   3   4    :=
1    0   0   0   0
2    0   0   0   0
3    0   0   0   0
4    0   0   0   0
5    0   0   0   0
6    0   0   0   0
7    0   0   0   0
8    0   0   0   0
9    0   0   0   0
10   0   0   0   0
11   0   0   0   0
12   0   0   0   0
13   0   0   0   0
14   0   0   0   0
15   0   0   0   0
16   0   0   0   0
17   0   0   0   0
18   0   0   0   0
19   0   0   0   0
20   0   0   0   0
21   0   0   0   0
22   0   0   0   0
23   0   0   0   0
24   0   0   0   0
25   0   0   0   0
26   0   0   0   0
27   0   0   0   0
28   0   0   0   0
29   0   0   0   0
30   0   0   0   0
31   0   0   0   0
32   0   0   0   0
33   0   0   0   0
34   0   0   0   0
35   0   0   0   0
36   0   0   0   0
37   0   0   0   0
38   0   0   0   0
39   0   0   0   0
40   0   0   0   0
41   0   0   0   0
42   0   0   0   0
43   0   0   0   0
44   0   0   0   0
45   0   0   0   0
46   0   0   0   0
47   0   0   0   0
48   0   0   0   0
49   0   0   0   0
50   0   0   0   0
51   0   0   0   0
52   0   0   0   0
53   0   0   0   0
54   0   0   0   0
55   0   0   0   0
56   0   0   0   0
57   0   0   0   0
58   0   0   0   0
59   0   0   0   0
60   0   0   0   0
61   0   0   0   0
62   0   0   0   0
63   0   0   0   0
64   0   0   0   0
65   0   0   0   0
66   0   0   0   0
67   0   0   0   0
68   0   0   0   0
69   0   0   0   0
70   0   0   0   0
71   0   0   0   0
72   0   0   0   0
73   0   0   0   0
74   0   0   0   0
75   0   0   0   0

 [*,*,3]
:    1   2   3   4    :=
1    0   0   0   0
2    0   0   0   0
3    0   0   0   0
4    0   0   0   0
5    0   0   0   0
6    0   0   0   0
7    0   0   0   0
8    0   0   0   0
9    0   0   0   0
10   0   0   0   0
11   0   0   0   0
12   0   0   0   0
13   0   0   0   0
14   0   0   0   0
15   0   0   0   0
16   0   0   0   0
17   0   0   0   0
18   0   0   0   0
19   0   0   0   0
20   0   0   0   0
21   0   0   0   0
22   0   0   0   0
23   0   0   0   0
24   0   0   0   0
25   0   0   0   0
26   0   0   0   0
27   0   0   0   0
28   0   0   0   0
29   0   0   0   0
30   0   0   0   0
31   0   0   0   0
32   0   0   0   0
33   0   0   0   0
34   0   0   0   0
35   0   0   0   0
36   0   0   0   0
37   0   0   0   0
38   0   0   0   0
39   0   0   0   0
40   0   0   0   0
41   0   0   0   0
42   0   0   0   0
43   0   0   0   0
44   0   0   0   0
45   0   0   0   0
46   0   0   0   0
47   0   0   0   0
48   0   0   0   0
49   0   0   0   0
50   0   0   0   0
51   0   0   0   0
52   0   0   0   0
53   0   0   0   0
54   0   0   0   0
55   0   0   0   0
56   0   0   0   0
57   0   0   0   0
58   0   0   0   0
59   0   0   0   0
60   0   0   0   0
61   0   0   0   0
62   0   0   0   0
63   0   0   0   0
64   0   0   0   0
65   0   0   0   0
66   0   0   0   0
67   0   0   0   0
68   0   0   0   0
69   0   0   0   0
70   0   0   0   0
71   0   0   0   0
72   0   0   0   0
73   0   0   0   0
74   0   0   0   0
75   0   0   0   0
;

radius = 0
softness = 0.99

---------------------------- Solution coords data ----------------------------
distances [*,1,*]
:    1   2   3   4    :=
1    0   1   0   1
2    0   1   0   1
3    0   1   0   1
4    0   1   0   1
5    0   1   0   1
6    0   1   0   1
7    0   1   0   1
8    0   1   0   1
9    0   1   0   1
10   0   1   0   1
11   0   1   0   1
12   0   1   0   1
13   0   1   0   1
14   0   1   0   1
15   0   1   0   1
16   0   1   0   1
17   0   1   0   1
18   0   1   0   1
19   0   1   0   1
20   0   1   0   1
21   0   1   0   1
22   0   1   0   1
23   0   1   0   1
24   0   1   0   1
25   0   1   0   1
26   0   1   0   1
27   0   1   0   1
28   0   1   0   1
29   0   1   0   1
30   0   1   0   1
31   0   1   0   1
32   0   1   0   1
33   0   1   0   1
34   0   1   0   1
35   0   1   0   1
36   0   1   0   1
37   0   1   0   1
38   0   1   0   1
39   0   1   0   1
40   0   1   0   1
41   0   1   0   1
42   0   1   0   1
43   0   1   0   1
44   0   1   0   1
45   0   1   0   1
46   0   1   0   1
47   0   1   0   1
48   0   1   0   1
49   0   1   0   1
50   0   1   0   1
51   0   1   0   1
52   0   1   0   1
53   0   1   0   1
54   0   1   0   1
55   0   1   0   1
56   0   1   0   1
57   0   1   0   1
58   0   1   0   1
59   0   1   0   1
60   0   1   0   1
61   0   1   0   1
62   0   1   0   1
63   0   1   0   1
64   0   1   0   1
65   0   1   0   1
66   0   1   0   1
67   0   1   0   1
68   0   1   0   1
69   0   1   0   1
70   0   1   0   1
71   0   1   0   1
72   0   1   0   1
73   0   1   0   1
74   0   1   0   1
75   0   1   0   1

 [*,2,*]
:    1   2   3   4    :=
1    0   0   1   1
2    0   0   1   1
3    0   0   1   1
4    0   0   1   1
5    0   0   1   1
6    0   0   1   1
7    0   0   1   1
8    0   0   1   1
9    0   0   1   1
10   0   0   1   1
11   0   0   1   1
12   0   0   1   1
13   0   0   1   1
14   0   0   1   1
15   0   0   1   1
16   0   0   1   1
17   0   0   1   1
18   0   0   1   1
19   0   0   1   1
20   0   0   1   1
21   0   0   1   1
22   0   0   1   1
23   0   0   1   1
24   0   0   1   1
25   0   0   1   1
26   0   0   1   1
27   0   0   1   1
28   0   0   1   1
29   0   0   1   1
30   0   0   1   1
31   0   0   1   1
32   0   0   1   1
33   0   0   1   1
34   0   0   1   1
35   0   0   1   1
36   0   0   1   1
37   0   0   1   1
38   0   0   1   1
39   0   0   1   1
40   0   0   1   1
41   0   0   1   1
42   0   0   1   1
43   0   0   1   1
44   0   0   1   1
45   0   0   1   1
46   0   0   1   1
47   0   0   1   1
48   0   0   1   1
49   0   0   1   1
50   0   0   1   1
51   0   0   1   1
52   0   0   1   1
53   0   0   1   1
54   0   0   1   1
55   0   0   1   1
56   0   0   1   1
57   0   0   1   1
58   0   0   1   1
59   0   0   1   1
60   0   0   1   1
61   0   0   1   1
62   0   0   1   1
63   0   0   1   1
64   0   0   1   1
65   0   0   1   1
66   0   0   1   1
67   0   0   1   1
68   0   0   1   1
69   0   0   1   1
70   0   0   1   1
71   0   0   1   1
72   0   0   1   1
73   0   0   1   1
74   0   0   1   1
75   0   0   1   1

 [*,3,*]
:    1   2   3   4    :=
1    1   0   0   1
2    1   0   0   1
3    1   0   0   1
4    1   0   0   1
5    1   0   0   1
6    1   0   0   1
7    1   0   0   1
8    1   0   0   1
9    1   0   0   1
10   1   0   0   1
11   1   0   0   1
12   1   0   0   1
13   1   0   0   1
14   1   0   0   1
15   1   0   0   1
16   1   0   0   1
17   1   0   0   1
18   1   0   0   1
19   1   0   0   1
20   1   0   0   1
21   1   0   0   1
22   1   0   0   1
23   1   0   0   1
24   1   0   0   1
25   1   0   0   1
26   1   0   0   1
27   1   0   0   1
28   1   0   0   1
29   1   0   0   1
30   1   0   0   1
31   1   0   0   1
32   1   0   0   1
33   1   0   0   1
34   1   0   0   1
35   1   0   0   1
36   1   0   0   1
37   1   0   0   1
38   1   0   0   1
39   1   0   0   1
40   1   0   0   1
41   1   0   0   1
42   1   0   0   1
43   1   0   0   1
44   1   0   0   1
45   1   0   0   1
46   1   0   0   1
47   1   0   0   1
48   1   0   0   1
49   1   0   0   1
50   1   0   0   1
51   1   0   0   1
52   1   0   0   1
53   1   0   0   1
54   1   0   0   1
55   1   0   0   1
56   1   0   0   1
57   1   0   0   1
58   1   0   0   1
59   1   0   0   1
60   1   0   0   1
61   1   0   0   1
62   1   0   0   1
63   1   0   0   1
64   1   0   0   1
65   1   0   0   1
66   1   0   0   1
67   1   0   0   1
68   1   0   0   1
69   1   0   0   1
70   1   0   0   1
71   1   0   0   1
72   1   0   0   1
73   1   0   0   1
74   1   0   0   1
75   1   0   0   1

 [*,4,*]
:    1   2   3   4    :=
1    1   1   1   0
2    1   1   1   0
3    1   1   1   0
4    1   1   1   0
5    1   1   1   0
6    1   1   1   0
7    1   1   1   0
8    1   1   1   0
9    1   1   1   0
10   1   1   1   0
11   1   1   1   0
12   1   1   1   0
13   1   1   1   0
14   1   1   1   0
15   1   1   1   0
16   1   1   1   0
17   1   1   1   0
18   1   1   1   0
19   1   1   1   0
20   1   1   1   0
21   1   1   1   0
22   1   1   1   0
23   1   1   1   0
24   1   1   1   0
25   1   1   1   0
26   1   1   1   0
27   1   1   1   0
28   1   1   1   0
29   1   1   1   0
30   1   1   1   0
31   1   1   1   0
32   1   1   1   0
33   1   1   1   0
34   1   1   1   0
35   1   1   1   0
36   1   1   1   0
37   1   1   1   0
38   1   1   1   0
39   1   1   1   0
40   1   1   1   0
41   1   1   1   0
42   1   1   1   0
43   1   1   1   0
44   1   1   1   0
45   1   1   1   0
46   1   1   1   0
47   1   1   1   0
48   1   1   1   0
49   1   1   1   0
50   1   1   1   0
51   1   1   1   0
52   1   1   1   0
53   1   1   1   0
54   1   1   1   0
55   1   1   1   0
56   1   1   1   0
57   1   1   1   0
58   1   1   1   0
59   1   1   1   0
60   1   1   1   0
61   1   1   1   0
62   1   1   1   0
63   1   1   1   0
64   1   1   1   0
65   1   1   1   0
66   1   1   1   0
67   1   1   1   0
68   1   1   1   0
69   1   1   1   0
70   1   1   1   0
71   1   1   1   0
72   1   1   1   0
73   1   1   1   0
74   1   1   1   0
75   1   1   1   0
;

---------------------------- Solution stats data ----------------------------
_ampl_time = 0.252936
_total_solve_time = 119.356
_ampl_elapsed_time = 0.348847
_ampl_user_time = 0.213954

Total time elapsed: $119.36.
_total_solve_time = 119.356

---------------------------- Solution miscs data ----------------------------
tetrahedron_volume [*] :=
 1 0.117851   16 0.117851   31 0.117851   46 0.117851   61 0.117851
 2 0.117851   17 0.117851   32 0.117851   47 0.117851   62 0.117851
 3 0.117851   18 0.117851   33 0.117851   48 0.117851   63 0.117851
 4 0.117851   19 0.117851   34 0.117851   49 0.117851   64 0.117851
 5 0.117851   20 0.117851   35 0.117851   50 0.117851   65 0.117851
 6 0.117851   21 0.117851   36 0.117851   51 0.117851   66 0.117851
 7 0.117851   22 0.117851   37 0.117851   52 0.117851   67 0.117851
 8 0.117851   23 0.117851   38 0.117851   53 0.117851   68 0.117851
 9 0.117851   24 0.117851   39 0.117851   54 0.117851   69 0.117851
10 0.117851   25 0.117851   40 0.117851   55 0.117851   70 0.117851
11 0.117851   26 0.117851   41 0.117851   56 0.117851   71 0.117851
12 0.117851   27 0.117851   42 0.117851   57 0.117851   72 0.117851
13 0.117851   28 0.117851   43 0.117851   58 0.117851   73 0.117851
14 0.117851   29 0.117851   44 0.117851   59 0.117851   74 0.117851
15 0.117851   30 0.117851   45 0.117851   60 0.117851   75 0.117851
;

---------------------------- Solution miscs data ----------------------------
tetrahedron_surface_area [*] :=
 1 0    8 0   15 0   22 0   29 0   36 0   43 0   50 0   57 0   64 0   71 0
 2 0    9 0   16 0   23 0   30 0   37 0   44 0   51 0   58 0   65 0   72 0
 3 0   10 0   17 0   24 0   31 0   38 0   45 0   52 0   59 0   66 0   73 0
 4 0   11 0   18 0   25 0   32 0   39 0   46 0   53 0   60 0   67 0   74 0
 5 0   12 0   19 0   26 0   33 0   40 0   47 0   54 0   61 0   68 0   75 0
 6 0   13 0   20 0   27 0   34 0   41 0   48 0   55 0   62 0   69 0
 7 0   14 0   21 0   28 0   35 0   42 0   49 0   56 0   63 0   70 0
;

