Error at _cmdno 6 executing "solve" command
(file amplin, line 1926, offset 36151):
error processing param distances:
	4000 invalid subscripts discarded:
	distances[51,1,1]
	distances[51,1,2]
	distances[51,1,3]
	and 3997 more.
------ Solution header data ----------------------------

Presolve eliminates 50 constraints and 6425 variables.
Adjusted problem:
6726 variables:
	4276 nonlinear variables
	2450 linear variables
13100 constraints; 79725 nonzeros
	11875 nonlinear constraints
	1225 linear constraints
	1275 equality constraints
	11825 inequality constraints
1 linear objective; 1 nonzero.

BARON 24.5.8 (2024.05.08): epsa = 0.5
epsr = 0.8
prfreq = 50
filter 
maxtime = 120
maxiter = -1
Barstats 
keepsol 
wantsol= 4
threads= 4
nlpsol= 1
BARON 24.5.8 (2024.05.08): 0 iterations, CPU time limit reached.
Objective 1e+51
Retaining scratch directory "/tmp/baron_tmp3450071".
Objective lower bound = 0, upper bound = 1e+51
barstatus = 4, modelstatus = 5
max nodes in memory = 0
optimum found at node -3
Baron run time (excluding setup) = 121.59 seconds
---------------------------- Container and geometric considerations  ----------------------------
Container type: sphere
Structural conservation type: volume
---------------------------- Solution execution data ----------------------------
solve_result_num = 402
solve_result = limit

---------------------------- Solution data ----------------------------
card(figures) = 50

coords [*,*,1]
:    1   2   3   4    :=
1    0   0   0   0
2    0   0   0   0
3    0   0   0   0
4    0   0   0   0
5    0   0   0   0
6    0   0   0   0
7    0   0   0   0
8    0   0   0   0
9    0   0   0   0
10   0   0   0   0
11   0   0   0   0
12   0   0   0   0
13   0   0   0   0
14   0   0   0   0
15   0   0   0   0
16   0   0   0   0
17   0   0   0   0
18   0   0   0   0
19   0   0   0   0
20   0   0   0   0
21   0   0   0   0
22   0   0   0   0
23   0   0   0   0
24   0   0   0   0
25   0   0   0   0
26   0   0   0   0
27   0   0   0   0
28   0   0   0   0
29   0   0   0   0
30   0   0   0   0
31   0   0   0   0
32   0   0   0   0
33   0   0   0   0
34   0   0   0   0
35   0   0   0   0
36   0   0   0   0
37   0   0   0   0
38   0   0   0   0
39   0   0   0   0
40   0   0   0   0
41   0   0   0   0
42   0   0   0   0
43   0   0   0   0
44   0   0   0   0
45   0   0   0   0
46   0   0   0   0
47   0   0   0   0
48   0   0   0   0
49   0   0   0   0
50   0   0   0   0

 [*,*,2]
:    1   2   3   4    :=
1    0   0   0   0
2    0   0   0   0
3    0   0   0   0
4    0   0   0   0
5    0   0   0   0
6    0   0   0   0
7    0   0   0   0
8    0   0   0   0
9    0   0   0   0
10   0   0   0   0
11   0   0   0   0
12   0   0   0   0
13   0   0   0   0
14   0   0   0   0
15   0   0   0   0
16   0   0   0   0
17   0   0   0   0
18   0   0   0   0
19   0   0   0   0
20   0   0   0   0
21   0   0   0   0
22   0   0   0   0
23   0   0   0   0
24   0   0   0   0
25   0   0   0   0
26   0   0   0   0
27   0   0   0   0
28   0   0   0   0
29   0   0   0   0
30   0   0   0   0
31   0   0   0   0
32   0   0   0   0
33   0   0   0   0
34   0   0   0   0
35   0   0   0   0
36   0   0   0   0
37   0   0   0   0
38   0   0   0   0
39   0   0   0   0
40   0   0   0   0
41   0   0   0   0
42   0   0   0   0
43   0   0   0   0
44   0   0   0   0
45   0   0   0   0
46   0   0   0   0
47   0   0   0   0
48   0   0   0   0
49   0   0   0   0
50   0   0   0   0

 [*,*,3]
:    1   2   3   4    :=
1    0   0   0   0
2    0   0   0   0
3    0   0   0   0
4    0   0   0   0
5    0   0   0   0
6    0   0   0   0
7    0   0   0   0
8    0   0   0   0
9    0   0   0   0
10   0   0   0   0
11   0   0   0   0
12   0   0   0   0
13   0   0   0   0
14   0   0   0   0
15   0   0   0   0
16   0   0   0   0
17   0   0   0   0
18   0   0   0   0
19   0   0   0   0
20   0   0   0   0
21   0   0   0   0
22   0   0   0   0
23   0   0   0   0
24   0   0   0   0
25   0   0   0   0
26   0   0   0   0
27   0   0   0   0
28   0   0   0   0
29   0   0   0   0
30   0   0   0   0
31   0   0   0   0
32   0   0   0   0
33   0   0   0   0
34   0   0   0   0
35   0   0   0   0
36   0   0   0   0
37   0   0   0   0
38   0   0   0   0
39   0   0   0   0
40   0   0   0   0
41   0   0   0   0
42   0   0   0   0
43   0   0   0   0
44   0   0   0   0
45   0   0   0   0
46   0   0   0   0
47   0   0   0   0
48   0   0   0   0
49   0   0   0   0
50   0   0   0   0
;

radius = 0
softness = 0.99

---------------------------- Solution coords data ----------------------------
distances [*,1,*]
:    1   2   3   4    :=
1    0   1   0   1
2    0   1   0   1
3    0   1   0   1
4    0   1   0   1
5    0   1   0   1
6    0   1   0   1
7    0   1   0   1
8    0   1   0   1
9    0   1   0   1
10   0   1   0   1
11   0   1   0   1
12   0   1   0   1
13   0   1   0   1
14   0   1   0   1
15   0   1   0   1
16   0   1   0   1
17   0   1   0   1
18   0   1   0   1
19   0   1   0   1
20   0   1   0   1
21   0   1   0   1
22   0   1   0   1
23   0   1   0   1
24   0   1   0   1
25   0   1   0   1
26   0   1   0   1
27   0   1   0   1
28   0   1   0   1
29   0   1   0   1
30   0   1   0   1
31   0   1   0   1
32   0   1   0   1
33   0   1   0   1
34   0   1   0   1
35   0   1   0   1
36   0   1   0   1
37   0   1   0   1
38   0   1   0   1
39   0   1   0   1
40   0   1   0   1
41   0   1   0   1
42   0   1   0   1
43   0   1   0   1
44   0   1   0   1
45   0   1   0   1
46   0   1   0   1
47   0   1   0   1
48   0   1   0   1
49   0   1   0   1
50   0   1   0   1

 [*,2,*]
:    1   2   3   4    :=
1    0   0   1   1
2    0   0   1   1
3    0   0   1   1
4    0   0   1   1
5    0   0   1   1
6    0   0   1   1
7    0   0   1   1
8    0   0   1   1
9    0   0   1   1
10   0   0   1   1
11   0   0   1   1
12   0   0   1   1
13   0   0   1   1
14   0   0   1   1
15   0   0   1   1
16   0   0   1   1
17   0   0   1   1
18   0   0   1   1
19   0   0   1   1
20   0   0   1   1
21   0   0   1   1
22   0   0   1   1
23   0   0   1   1
24   0   0   1   1
25   0   0   1   1
26   0   0   1   1
27   0   0   1   1
28   0   0   1   1
29   0   0   1   1
30   0   0   1   1
31   0   0   1   1
32   0   0   1   1
33   0   0   1   1
34   0   0   1   1
35   0   0   1   1
36   0   0   1   1
37   0   0   1   1
38   0   0   1   1
39   0   0   1   1
40   0   0   1   1
41   0   0   1   1
42   0   0   1   1
43   0   0   1   1
44   0   0   1   1
45   0   0   1   1
46   0   0   1   1
47   0   0   1   1
48   0   0   1   1
49   0   0   1   1
50   0   0   1   1

 [*,3,*]
:    1   2   3   4    :=
1    1   0   0   1
2    1   0   0   1
3    1   0   0   1
4    1   0   0   1
5    1   0   0   1
6    1   0   0   1
7    1   0   0   1
8    1   0   0   1
9    1   0   0   1
10   1   0   0   1
11   1   0   0   1
12   1   0   0   1
13   1   0   0   1
14   1   0   0   1
15   1   0   0   1
16   1   0   0   1
17   1   0   0   1
18   1   0   0   1
19   1   0   0   1
20   1   0   0   1
21   1   0   0   1
22   1   0   0   1
23   1   0   0   1
24   1   0   0   1
25   1   0   0   1
26   1   0   0   1
27   1   0   0   1
28   1   0   0   1
29   1   0   0   1
30   1   0   0   1
31   1   0   0   1
32   1   0   0   1
33   1   0   0   1
34   1   0   0   1
35   1   0   0   1
36   1   0   0   1
37   1   0   0   1
38   1   0   0   1
39   1   0   0   1
40   1   0   0   1
41   1   0   0   1
42   1   0   0   1
43   1   0   0   1
44   1   0   0   1
45   1   0   0   1
46   1   0   0   1
47   1   0   0   1
48   1   0   0   1
49   1   0   0   1
50   1   0   0   1

 [*,4,*]
:    1   2   3   4    :=
1    1   1   1   0
2    1   1   1   0
3    1   1   1   0
4    1   1   1   0
5    1   1   1   0
6    1   1   1   0
7    1   1   1   0
8    1   1   1   0
9    1   1   1   0
10   1   1   1   0
11   1   1   1   0
12   1   1   1   0
13   1   1   1   0
14   1   1   1   0
15   1   1   1   0
16   1   1   1   0
17   1   1   1   0
18   1   1   1   0
19   1   1   1   0
20   1   1   1   0
21   1   1   1   0
22   1   1   1   0
23   1   1   1   0
24   1   1   1   0
25   1   1   1   0
26   1   1   1   0
27   1   1   1   0
28   1   1   1   0
29   1   1   1   0
30   1   1   1   0
31   1   1   1   0
32   1   1   1   0
33   1   1   1   0
34   1   1   1   0
35   1   1   1   0
36   1   1   1   0
37   1   1   1   0
38   1   1   1   0
39   1   1   1   0
40   1   1   1   0
41   1   1   1   0
42   1   1   1   0
43   1   1   1   0
44   1   1   1   0
45   1   1   1   0
46   1   1   1   0
47   1   1   1   0
48   1   1   1   0
49   1   1   1   0
50   1   1   1   0
;

---------------------------- Solution stats data ----------------------------
_ampl_time = 0.131814
_total_solve_time = 121.747
_ampl_elapsed_time = 0.23666
_ampl_user_time = 0.105852

Total time elapsed: $121.75.
_total_solve_time = 121.747

---------------------------- Solution miscs data ----------------------------
tetrahedron_volume [*] :=
 1 0.117851   11 0.117851   21 0.117851   31 0.117851   41 0.117851
 2 0.117851   12 0.117851   22 0.117851   32 0.117851   42 0.117851
 3 0.117851   13 0.117851   23 0.117851   33 0.117851   43 0.117851
 4 0.117851   14 0.117851   24 0.117851   34 0.117851   44 0.117851
 5 0.117851   15 0.117851   25 0.117851   35 0.117851   45 0.117851
 6 0.117851   16 0.117851   26 0.117851   36 0.117851   46 0.117851
 7 0.117851   17 0.117851   27 0.117851   37 0.117851   47 0.117851
 8 0.117851   18 0.117851   28 0.117851   38 0.117851   48 0.117851
 9 0.117851   19 0.117851   29 0.117851   39 0.117851   49 0.117851
10 0.117851   20 0.117851   30 0.117851   40 0.117851   50 0.117851
;

---------------------------- Solution miscs data ----------------------------
tetrahedron_surface_area [*] :=
 1 0    6 0   11 0   16 0   21 0   26 0   31 0   36 0   41 0   46 0
 2 0    7 0   12 0   17 0   22 0   27 0   32 0   37 0   42 0   47 0
 3 0    8 0   13 0   18 0   23 0   28 0   33 0   38 0   43 0   48 0
 4 0    9 0   14 0   19 0   24 0   29 0   34 0   39 0   44 0   49 0
 5 0   10 0   15 0   20 0   25 0   30 0   35 0   40 0   45 0   50 0
;

